a =2.290148202137986
b =332.55833333333345
E =1.643440972608994e11
delta_E =46349.93139937011
