a =-2.290148202138033
b =363.97916666666686
E =-1.6434409726089606e11
delta_E =-8.93127372224624e9
