a =-4.571185617104002
b =376.4208333333335
E =-8.248397016109396e10
delta_E =-3.752201166395486e9
