a =4.571185617103976
b =313.7041666666667
E =8.233582496973415e10
delta_E =35541.68625663957
