a =-4.571185617104002
b =376.4208333333335
E =-8.233582496973367e10
delta_E =-2.9263540587558613e9
