a =-3.825923226433453
b =374.05833333333356
E =-1.0680259550066255e11
delta_E =-5.162204170890434e9
