a =-3.825923226433453
b =374.05833333333356
E =-9.837425285318533e10
delta_E =-4.608997438931141e9
