a =3.5198007774538596
b =322.76666666666654
E =1.0693001185888083e11
delta_E =38299.77102770447
