A = 3.9558455962854113
B = 1.0044065163818954
R = 1679.0516113265753
