A = 3.9558455962854113
  δA = 0.0036865639246536183  
 R = 1679.0516113265753
δR = 1.5647554858461878
sigma = [-0.2946521126673063, 0.31942329104729117, -0.01971830523813667, -0.1405639015235427, 0.1927655021910577, 0.33056890590563937, 0.2598353096202284, 0.8613497133348207, 0.3593831170494002, 0.6535375207640004, -0.02980807552141984, -0.44965367180683957, -0.3741742680922582, -0.5106198643776776, -1.0520904606630705]
