A_t = 3.9558455962854113 ± 0.0036865639246536183
B = 1.0044065163818954
R = 1679.0516113265753
R_t = 1679.0516113265753 ± 1.5647554858461878
